sales_raw_id,customer_id,prod_code,sales_date,transaction_number,transaction_line_number,unit_price,discount_pct,sales_qty,extended_sales_total
 10000,C72443,1021,2000-01-05, 5000242, 1, 24.99, 5, 3,71.22
 10001,C96143,1029,2000-02-10, 5000196, 1, 21.48, 5, 2,40.81
 10002,C96143,1044,2000-02-10, 5000196, 2, 22.99, 15, 3,58.62
 10003,C71125,1054,2000-02-12, 5000194, 1, 200.0, 10, 4,720
 10004,C67463,1010,2000-03-31, 5000073, 1, 69.99, 10, 3,188.97
 10005,C50281,1047,2000-04-08, 5000332, 1, 56.95, 0, 5,284.75
 10006,C94458,1035,2000-04-16, 5000133, 1, 43.95, 0, 3,131.85
 10007,C54310,1009,2000-04-20, 5000456, 1, 16.99, 0, 2,33.98
 10008,C69074,1021,2000-04-26, 5000121, 1, 24.99, 15, 4,84.97
 10009,C29291,1019,2000-04-30, 5000455, 1, 79.7, 5, 3,227.15
 10010,C66877,1043,2000-05-12, 5000044, 1, 24.99, 10, 3,67.47
 10011,C20575,1015,2000-05-21, 5000183, 1, 8.0, 15, 2,13.6
 10012,C20575,1044,2000-05-21, 5000183, 2, 22.99, 10, 4,82.76
 10013,C70465,1046,2000-05-23, 5000176, 1, 183.17, 10, 2,329.71
 10014,C69733,1035,2000-06-03, 5000150, 1, 43.95, 5, 3,125.26
 10015,C51893,1025,2000-06-05, 5000385, 1, 39.94, 5, 3,113.83
 10016,C27314,1021,2000-06-09, 5000394, 1, 24.99, 0, 5,124.95
 10017,C19623,1032,2000-06-17, 5000144, 1, 4.5, 15, 1,3.82
 10018,C19623,1013,2000-06-17, 5000144, 2, 10.74, 0, 2,21.48
 10019,C43616,1013,2000-06-23, 5000104, 1, 10.74, 10, 5,48.33
 10020,C44202,1001,2000-06-28, 5000124, 1, 53.5, 10, 3,144.45
 10021,C21308,1027,2000-07-25, 5000198, 1, 4.5, 15, 1,3.82
 10022,C21308,1009,2000-07-25, 5000198, 2, 16.99, 20, 2,27.18
 10023,C3101,1050,2000-08-08, 5000419, 1, 98.96, 5, 3,282.04
 10024,C3101,1006,2000-08-08, 5000419, 2, 41.99, 10, 1,37.79
 10025,C99878,1045,2000-08-13, 5000313, 1, 99.99, 5, 4,379.96
 10026,C24823,1005,2000-08-15, 5000311, 1, 26.99, 10, 5,121.45
 10027,C54163,1046,2000-08-16, 5000449, 1, 183.17, 5, 2,348.02
 10028,C45008,1033,2000-09-12, 5000156, 1, 19.95, 5, 3,56.86
 10029,C24750,1016,2000-09-15, 5000309, 1, 5.99, 10, 2,10.78
 10030,C75153,1013,2000-09-24, 5000323, 1, 10.74, 5, 5,51.02
 10031,C99585,1019,2000-10-06, 5000307, 1, 79.7, 15, 5,338.73
 10032,C44568,1015,2000-10-30, 5000140, 1, 8.0, 5, 3,22.8
 10033,C65924,1024,2000-11-01, 5000009, 1, 25.0, 20, 3,60
 10034,C97022,1036,2000-11-02, 5000223, 1, 28.24, 0, 4,112.96
 10035,C26288,1007,2000-11-10, 5000369, 1, 7.96, 15, 2,13.53
 10036,C25629,1009,2000-12-03, 5000339, 1, 16.99, 10, 3,45.87
 10037,C25629,1049,2000-12-03, 5000339, 2, 206.99, 15, 1,175.94
 10038,C75886,1003,2000-12-03, 5000348, 1, 12.99, 10, 2,23.38
 10039,C97242,1016,2000-12-08, 5000234, 1, 5.99, 20, 4,19.17
 10040,C97242,1046,2000-12-08, 5000234, 2, 183.17, 20, 1,146.54
 10041,C47059,1046,2000-12-15, 5000226, 1, 183.17, 5, 4,696.05
 10042,C76545,1026,2000-12-28, 5000375, 1, 18.15, 5, 1,17.24
 10043,C2515,1026,2001-01-04, 5000400, 1, 18.15, 5, 2,34.48
 10044,C16693,1019,2001-02-12, 5000036, 1, 79.7, 10, 4,286.92
 10045,C53504,1030,2001-02-13, 5000426, 1, 22.75, 15, 2,38.67
 10046,C20502,1021,2001-02-17, 5000180, 1, 24.99, 15, 1,21.24
 10047,C20502,1016,2001-02-17, 5000180, 2, 5.99, 5, 2,11.38
 10048,C44641,1032,2001-02-17, 5000145, 1, 4.5, 15, 3,11.47
 10049,C73908,1051,2001-02-20, 5000289, 1, 122.37, 15, 2,208.03
 10050,C171,1007,2001-02-28, 5000325, 1, 7.96, 20, 4,25.47
 10051,C92847,1030,2001-03-01, 5000086, 1, 22.75, 15, 2,38.67
 10052,C23139,1047,2001-03-07, 5000263, 1, 56.95, 0, 5,284.75
 10053,C50281,1010,2001-03-10, 5000331, 1, 69.99, 15, 4,237.97
 10054,C18451,1047,2001-04-05, 5000100, 1, 56.95, 10, 4,205.02
 10055,C1270,1047,2001-04-09, 5000365, 1, 56.95, 10, 3,153.77
 10056,C26288,1051,2001-04-17, 5000367, 1, 122.37, 20, 1,97.9
 10057,C79108,1035,2001-04-27, 5000448, 1, 43.95, 10, 1,39.56
 10058,C94532,1052,2001-05-01, 5000138, 1, 107.96, 10, 2,194.33
 10059,C96436,1006,2001-05-01, 5000203, 1, 41.99, 15, 3,107.07
 10060,C20282,1042,2001-05-05, 5000170, 1, 89.99, 10, 3,242.97
 10061,C78010,1040,2001-05-13, 5000415, 1, 32.12, 10, 3,86.72
 10062,C97974,1035,2001-05-15, 5000259, 1, 43.95, 15, 4,149.43
 10063,C74421,1035,2001-05-22, 5000303, 1, 43.95, 5, 2,83.5
 10064,C71564,1044,2001-06-06, 5000212, 1, 22.99, 5, 1,21.84
 10065,C71564,1020,2001-06-06, 5000212, 2, 26.99, 15, 5,114.71
 10066,C17279,1027,2001-06-13, 5000061, 1, 4.5, 10, 2,8.1
 10067,C69513,1019,2001-06-17, 5000137, 1, 79.7, 20, 4,255.04
 10068,C90723,1043,2001-06-27, 5000004, 1, 24.99, 5, 4,94.96
 10069,C25336,1017,2001-07-04, 5000335, 1, 19.95, 5, 1,18.95
 10070,C54529,1012,2001-07-05, 5000462, 1, 38.54, 5, 3,109.84
 10071,C97901,1052,2001-07-05, 5000257, 1, 107.96, 5, 3,307.69
 10072,C65558,1054,2001-07-08, 5000000, 1, 200.0, 5, 4,760
 10073,C98414,1009,2001-07-14, 5000269, 1, 16.99, 5, 4,64.56
 10074,C3541,1021,2001-07-20, 5000428, 1, 24.99, 10, 5,112.45
 10075,C42737,1037,2001-07-20, 5000079, 1, 54.94, 5, 4,208.77
 10076,C93726,1006,2001-07-29, 5000108, 1, 41.99, 10, 2,75.58
 10077,C93726,1008,2001-07-29, 5000108, 2, 62.88, 0, 4,251.52
 10078,C48157,1025,2001-08-09, 5000264, 1, 39.94, 5, 4,151.77
 10079,C98121,1045,2001-08-10, 5000262, 1, 99.99, 10, 1,89.99
 10080,C98999,1052,2001-08-12, 5000292, 1, 107.96, 10, 4,388.66
 10081,C95484,1027,2001-08-14, 5000177, 1, 4.5, 5, 1,4.27
 10082,C1856,1001,2001-08-26, 5000384, 1, 53.5, 15, 3,136.43
 10083,C904,1044,2001-09-01, 5000351, 1, 22.99, 5, 1,21.84
 10084,C42151,1003,2001-09-08, 5000052, 1, 12.99, 10, 2,23.38
 10085,C2955,1032,2001-09-11, 5000412, 1, 4.5, 10, 1,4.05
 10086,C53724,1018,2001-09-17, 5000438, 1, 44.99, 5, 1,42.74
 10087,C67389,1008,2001-09-18, 5000069, 1, 62.88, 15, 2,106.9
 10088,C68634,1032,2001-09-25, 5000105, 1, 4.5, 10, 3,12.15
 10089,C29218,1017,2001-09-29, 5000452, 1, 19.95, 20, 4,63.84
 10090,C99366,1001,2001-09-30, 5000301, 1, 53.5, 10, 4,192.6
 10091,C17353,1023,2001-10-06, 5000068, 1, 29.99, 10, 1,26.99
 10092,C73249,1023,2001-10-11, 5000266, 1, 29.99, 5, 3,85.47
 10093,C94458,1044,2001-10-11, 5000134, 1, 22.99, 15, 4,78.17
 10094,C94678,1026,2001-10-13, 5000147, 1, 18.15, 10, 2,32.67
 10095,C49109,1016,2001-10-14, 5000293, 1, 5.99, 5, 4,22.76
 10096,C49109,1026,2001-10-14, 5000293, 2, 18.15, 10, 4,65.34
 10097,C53724,1020,2001-10-14, 5000439, 1, 26.99, 0, 5,134.95
 10098,C67096,1013,2001-10-17, 5000048, 1, 10.74, 10, 3,29
 10099,C47791,1010,2001-10-18, 5000251, 1, 69.99, 10, 1,62.99
 10100,C25556,1047,2001-10-21, 5000338, 1, 56.95, 15, 3,145.22
 10101,C71125,1016,2001-10-22, 5000193, 1, 5.99, 5, 2,11.38
 10102,C831,1040,2001-10-23, 5000345, 1, 32.12, 15, 3,81.91
 10103,C68122,1004,2001-10-29, 5000094, 1, 59.99, 10, 1,53.99
 10104,C68122,1054,2001-10-29, 5000094, 2, 200.0, 5, 3,570
 10105,C91382,1002,2001-11-02, 5000025, 1, 14.97, 5, 4,56.89
 10106,C46399,1030,2001-11-06, 5000200, 1, 22.75, 0, 2,45.5
 10107,C91382,1037,2001-11-10, 5000026, 1, 54.94, 15, 4,186.8
 10108,C91382,1052,2001-11-10, 5000026, 2, 107.96, 0, 4,431.84
 10109,C91382,1049,2001-11-10, 5000026, 3, 206.99, 20, 5,827.96
 10110,C21381,1021,2001-11-21, 5000199, 1, 24.99, 20, 3,59.98
 10111,C95191,1040,2001-11-26, 5000165, 1, 32.12, 0, 2,64.24
 10112,C71418,1050,2001-12-02, 5000201, 1, 98.96, 15, 3,252.35
 10113,C28779,1053,2001-12-04, 5000441, 1, 93.0, 10, 4,334.8
 10114,C54456,1054,2001-12-10, 5000461, 1, 200.0, 0, 4,800
 10115,C96070,1010,2001-12-10, 5000191, 1, 69.99, 15, 3,178.47
 10116,C73835,1007,2001-12-11, 5000285, 1, 7.96, 20, 3,19.1
 10117,C16767,1000,2001-12-14, 5000038, 1, 1000.0, 15, 5,4250
 10118,C43689,1047,2001-12-25, 5000107, 1, 56.95, 10, 3,153.77
 10119,C78669,1053,2001-12-25, 5000435, 1, 93.0, 5, 4,353.4
 10120,C49695,1033,2001-12-27, 5000308, 1, 19.95, 10, 1,17.95
 10121,C1343,1039,2002-01-01, 5000372, 1, 34.0, 20, 2,54.4
 10122,C42151,1024,2002-01-04, 5000051, 1, 25.0, 10, 3,67.5
 10123,C16767,1006,2002-01-22, 5000039, 1, 41.99, 5, 3,119.67
 10124,C44349,1050,2002-01-23, 5000129, 1, 98.96, 5, 5,470.06
 10125,C95557,1036,2002-02-05, 5000182, 1, 28.24, 10, 2,50.83
 10126,C70173,1044,2002-02-11, 5000162, 1, 22.99, 15, 4,78.17
 10127,C19916,1006,2002-02-13, 5000152, 1, 41.99, 5, 2,79.78
 10128,C71564,1039,2002-02-13, 5000211, 1, 34.0, 20, 3,81.6
 10129,C18964,1038,2002-02-24, 5000118, 1, 16.99, 15, 1,14.44
 10130,C41785,1011,2002-02-27, 5000040, 1, 24.99, 20, 3,59.98
 10131,C75446,1031,2002-03-03, 5000336, 1, 17.99, 15, 1,15.29
 10132,C94385,1048,2002-03-08, 5000130, 1, 104.49, 0, 5,522.45
 10133,C41419,1008,2002-03-26, 5000028, 1, 62.88, 15, 4,213.79
 10134,C71198,1029,2002-03-31, 5000197, 1, 21.48, 10, 1,19.33
 10135,C67243,1024,2002-04-02, 5000058, 1, 25.0, 15, 3,63.75
 10136,C78742,1029,2002-04-05, 5000440, 1, 21.48, 0, 3,64.44
 10137,C51307,1044,2002-04-10, 5000370, 1, 22.99, 15, 5,97.71
 10138,C17939,1031,2002-04-13, 5000091, 1, 17.99, 10, 3,48.57
 10139,C18451,1030,2002-04-13, 5000101, 1, 22.75, 0, 2,45.5
 10140,C19916,1028,2002-04-17, 5000153, 1, 4.5, 20, 4,14.4
 10141,C92847,1048,2002-04-17, 5000087, 1, 104.49, 15, 5,444.08
 10142,C22187,1033,2002-04-18, 5000231, 1, 19.95, 15, 4,67.83
 10143,C26069,1012,2002-04-18, 5000360, 1, 38.54, 10, 3,104.06
 10144,C47278,1048,2002-04-21, 5000236, 1, 104.49, 15, 3,266.45
 10145,C53943,1026,2002-04-21, 5000444, 1, 18.15, 10, 2,32.67
 10146,C75226,1033,2002-05-03, 5000328, 1, 19.95, 10, 2,35.91
 10147,C70905,1031,2002-05-16, 5000189, 1, 17.99, 20, 2,28.78
 10148,C41785,1036,2002-05-23, 5000041, 1, 28.24, 5, 1,26.83
 10149,C77277,1013,2002-05-23, 5000392, 1, 10.74, 10, 3,29
 10150,C48597,1007,2002-05-26, 5000275, 1, 7.96, 5, 3,22.69
 10151,C46473,1053,2002-05-31, 5000206, 1, 93.0, 10, 2,167.4
 10152,C29658,1028,2002-06-09, 5000468, 1, 4.5, 15, 3,11.47
 10153,C47571,1039,2002-06-11, 5000245, 1, 34.0, 20, 3,81.6
 10154,C42078,1013,2002-06-15, 5000046, 1, 10.74, 10, 5,48.33
 10155,C74201,1045,2002-06-19, 5000295, 1, 99.99, 5, 5,474.95
 10156,C50281,1022,2002-06-23, 5000330, 1, 13.99, 5, 5,66.45
 10157,C78889,1013,2002-07-05, 5000443, 1, 10.74, 10, 3,29
 10158,C98,1047,2002-07-12, 5000321, 1, 56.95, 10, 1,51.26
 10159,C20649,1045,2002-07-14, 5000184, 1, 99.99, 5, 3,284.97
 10160,C43470,1029,2002-07-14, 5000102, 1, 21.48, 5, 1,20.41
 10161,C22846,1003,2002-07-18, 5000253, 1, 12.99, 0, 2,25.98
 10162,C50940,1051,2002-07-29, 5000353, 1, 122.37, 10, 2,220.27
 10163,C95411,1014,2002-08-03, 5000175, 1, 17.49, 15, 1,14.87
 10164,C93799,1024,2002-08-05, 5000111, 1, 25.0, 15, 4,85
 10165,C75959,1042,2002-08-19, 5000354, 1, 89.99, 5, 3,256.47
 10166,C74347,1026,2002-08-20, 5000300, 1, 18.15, 15, 2,30.85
 10167,C79035,1052,2002-08-21, 5000446, 1, 107.96, 10, 4,388.66
 10168,C49256,1039,2002-08-23, 5000298, 1, 34.0, 10, 2,61.2
 10169,C52991,1040,2002-08-23, 5000414, 1, 32.12, 15, 2,54.6
 10170,C48963,1006,2002-08-25, 5000290, 1, 41.99, 20, 4,134.37
 10171,C47864,1038,2002-08-27, 5000254, 1, 16.99, 5, 2,32.28
 10172,C47059,1003,2002-09-03, 5000225, 1, 12.99, 10, 4,46.76
 10173,C79035,1042,2002-09-11, 5000447, 1, 89.99, 10, 3,242.97
 10174,C79035,1051,2002-09-11, 5000447, 2, 122.37, 5, 1,116.25
 10175,C18818,1015,2002-09-15, 5000112, 1, 8.0, 10, 4,28.8
 10176,C72809,1023,2002-09-18, 5000252, 1, 29.99, 15, 2,50.98
 10177,C27387,1026,2002-09-22, 5000396, 1, 18.15, 20, 5,72.6
 10178,C70173,1050,2002-09-22, 5000161, 1, 98.96, 15, 5,420.58
 10179,C48743,1030,2002-09-23, 5000280, 1, 22.75, 5, 2,43.23
 10180,C78303,1045,2002-10-09, 5000424, 1, 99.99, 15, 2,169.98
 10181,C47864,1030,2002-10-11, 5000255, 1, 22.75, 15, 2,38.67
 10182,C92334,1025,2002-10-11, 5000066, 1, 39.94, 0, 2,79.88
 10183,C22406,1053,2002-10-18, 5000241, 1, 93.0, 15, 4,316.2
 10184,C73615,1036,2002-10-26, 5000276, 1, 28.24, 15, 3,72.01
 10185,C43763,1054,2002-10-31, 5000109, 1, 200.0, 5, 4,760
 10186,C20136,1024,2002-11-01, 5000160, 1, 25.0, 15, 2,42.5
 10187,C67170,1025,2002-11-05, 5000053, 1, 39.94, 5, 5,189.71
 10188,C53943,1037,2002-11-10, 5000445, 1, 54.94, 15, 3,140.1
 10189,C17792,1016,2002-11-12, 5000080, 1, 5.99, 0, 5,29.95
 10190,C43909,1025,2002-11-26, 5000116, 1, 39.94, 10, 4,143.78
 10191,C78522,1022,2002-11-27, 5000427, 1, 13.99, 0, 3,41.97
 10192,C75959,1040,2002-12-02, 5000355, 1, 32.12, 15, 3,81.91
 10193,C95484,1007,2002-12-03, 5000178, 1, 7.96, 5, 2,15.12
 10194,C24164,1029,2002-12-12, 5000294, 1, 21.48, 5, 2,40.81
 10195,C53577,1008,2002-12-15, 5000432, 1, 62.88, 20, 3,150.91
 10196,C66803,1037,2002-12-15, 5000043, 1, 54.94, 15, 3,140.1
 10197,C41639,1002,2003-01-06, 5000034, 1, 14.97, 20, 5,59.88
 10198,C54383,1012,2003-01-15, 5000459, 1, 38.54, 10, 3,104.06
 10199,C96436,1030,2003-01-17, 5000202, 1, 22.75, 5, 2,43.23
 10200,C42444,1037,2003-01-21, 5000070, 1, 54.94, 0, 4,219.76
 10201,C51307,1036,2003-01-21, 5000371, 1, 28.24, 15, 1,24
 10202,C67682,1051,2003-01-21, 5000077, 1, 122.37, 0, 2,244.74
 10203,C94678,1030,2003-01-21, 5000146, 1, 22.75, 20, 4,72.8
 10204,C95264,1049,2003-01-22, 5000168, 1, 206.99, 5, 3,589.92
 10205,C23578,1048,2003-01-23, 5000274, 1, 104.49, 0, 4,417.96
 10206,C94165,1052,2003-01-26, 5000123, 1, 107.96, 0, 4,431.84
 10207,C42298,1011,2003-01-28, 5000062, 1, 24.99, 10, 4,89.96
 10208,C20063,1028,2003-02-13, 5000157, 1, 4.5, 20, 2,7.2
 10209,C19550,1034,2003-02-14, 5000139, 1, 8.49, 10, 4,30.56
 10210,C20209,1050,2003-02-16, 5000166, 1, 98.96, 20, 3,237.5
 10211,C24457,1041,2003-02-25, 5000305, 1, 28.94, 0, 1,28.94
 10212,C24897,1011,2003-03-02, 5000314, 1, 24.99, 0, 4,99.96
 10213,C98267,1037,2003-03-02, 5000267, 1, 54.94, 5, 4,208.77
 10214,C19257,1056,2003-03-10, 5000125, 1, 2123.0, 20, 1,1698.4
 10215,C66144,1035,2003-03-26, 5000018, 1, 43.95, 5, 3,125.26
 10216,C25043,1054,2003-04-05, 5000318, 1, 200.0, 5, 3,570
 10217,C92334,1042,2003-04-16, 5000065, 1, 89.99, 10, 4,323.96
 10218,C91529,1043,2003-04-20, 5000032, 1, 24.99, 10, 4,89.96
 10219,C71711,1032,2003-04-22, 5000217, 1, 4.5, 10, 2,8.1
 10220,C19330,1029,2003-04-27, 5000128, 1, 21.48, 10, 1,19.33
 10221,C19330,1047,2003-04-27, 5000128, 2, 56.95, 0, 2,113.9
 10222,C16693,1037,2003-04-29, 5000037, 1, 54.94, 10, 3,148.34
 10223,C76911,1044,2003-05-02, 5000386, 1, 22.99, 15, 3,58.62
 10224,C73908,1023,2003-05-09, 5000288, 1, 29.99, 10, 1,26.99
 10225,C28559,1019,2003-05-21, 5000430, 1, 79.7, 0, 2,159.4
 10226,C15595,1029,2003-05-22, 5000001, 1, 21.48, 10, 2,38.66
 10227,C22333,1049,2003-05-23, 5000239, 1, 206.99, 10, 5,931.46
 10228,C45301,1042,2003-05-24, 5000171, 1, 89.99, 10, 1,80.99
 10229,C91675,1002,2003-05-25, 5000035, 1, 14.97, 0, 2,29.94
 10230,C26215,1008,2003-05-26, 5000362, 1, 62.88, 15, 2,106.9
 10231,C98780,1037,2003-06-02, 5000282, 1, 54.94, 15, 3,140.1
 10232,C69440,1005,2003-06-12, 5000132, 1, 26.99, 15, 4,91.77
 10233,C51966,1006,2003-06-14, 5000388, 1, 41.99, 5, 5,199.45
 10234,C49988,1049,2003-06-16, 5000316, 1, 206.99, 5, 2,393.28
 10235,C49988,1056,2003-06-16, 5000316, 2, 2123.0, 10, 2,3821.4
 10236,C2369,1028,2003-06-23, 5000395, 1, 4.5, 15, 2,7.65
 10237,C96656,1027,2003-06-25, 5000215, 1, 4.5, 15, 3,11.47
 10238,C95850,1056,2003-06-29, 5000188, 1, 2123.0, 10, 2,3821.4
 10239,C42517,1026,2003-07-02, 5000074, 1, 18.15, 10, 3,49.01
 10240,C52772,1006,2003-07-04, 5000407, 1, 41.99, 10, 4,151.16
 10241,C70539,1019,2003-07-16, 5000181, 1, 79.7, 0, 4,318.8
 10242,C21528,1022,2003-07-19, 5000210, 1, 13.99, 10, 2,25.18
 10243,C47132,1001,2003-07-23, 5000229, 1, 53.5, 5, 1,50.82
 10244,C47132,1015,2003-07-23, 5000229, 2, 8.0, 10, 4,28.8
 10245,C90723,1004,2003-07-23, 5000003, 1, 59.99, 15, 3,152.97
 10246,C22333,1019,2003-07-27, 5000240, 1, 79.7, 20, 5,318.8
 10247,C2808,1044,2003-08-12, 5000408, 1, 22.99, 15, 2,39.08
 10248,C65924,1015,2003-08-16, 5000010, 1, 8.0, 15, 3,20.4
 10249,C77643,1009,2003-08-16, 5000404, 1, 16.99, 10, 4,61.16
 10250,C1270,1047,2003-08-17, 5000366, 1, 56.95, 15, 1,48.41
 10251,C42664,1042,2003-08-17, 5000075, 1, 89.99, 0, 4,359.96
 10252,C42664,1016,2003-08-17, 5000075, 2, 5.99, 5, 4,22.76
 10253,C93872,1050,2003-08-20, 5000114, 1, 98.96, 15, 3,252.35
 10254,C94971,1001,2003-08-27, 5000154, 1, 53.5, 10, 4,192.6
 10255,C42664,1050,2003-08-31, 5000076, 1, 98.96, 10, 4,356.26
 10256,C50281,1001,2003-09-07, 5000329, 1, 53.5, 5, 1,50.82
 10257,C75812,1011,2003-09-10, 5000344, 1, 24.99, 10, 3,67.47
 10258,C28046,1026,2003-09-11, 5000416, 1, 18.15, 10, 2,32.67
 10259,C18158,1007,2003-09-13, 5000095, 1, 7.96, 0, 3,23.88
 10260,C76618,1034,2003-09-26, 5000377, 1, 8.49, 0, 1,8.49
 10261,C76618,1056,2003-09-26, 5000377, 2, 2123.0, 15, 4,7218.2
 10262,C24311,1022,2003-09-30, 5000299, 1, 13.99, 15, 4,47.57
 10263,C48963,1034,2003-10-02, 5000291, 1, 8.49, 10, 3,22.92
 10264,C71051,1033,2003-10-04, 5000190, 1, 19.95, 10, 2,35.91
 10265,C42224,1004,2003-10-07, 5000056, 1, 59.99, 15, 4,203.97
 10266,C92261,1044,2003-10-13, 5000059, 1, 22.99, 5, 4,87.36
 10267,C92261,1018,2003-10-13, 5000059, 2, 44.99, 15, 4,152.97
 10268,C95411,1031,2003-10-18, 5000174, 1, 17.99, 0, 2,35.98
 10269,C41931,1021,2003-10-25, 5000045, 1, 24.99, 20, 4,79.97
 10270,C93946,1036,2003-10-29, 5000117, 1, 28.24, 15, 3,72.01
 10271,C2442,1000,2003-10-30, 5000398, 1, 1000.0, 15, 3,2550
 10272,C2442,1022,2003-10-30, 5000398, 2, 13.99, 15, 3,35.67
 10273,C26728,1007,2003-11-02, 5000382, 1, 7.96, 0, 5,39.8
 10274,C26508,1028,2003-11-04, 5000373, 1, 4.5, 5, 3,12.82
 10275,C16034,1014,2003-11-05, 5000016, 1, 17.49, 10, 2,31.48
 10276,C684,1019,2003-11-07, 5000341, 1, 79.7, 20, 2,127.52
 10277,C1929,1040,2003-11-14, 5000387, 1, 32.12, 15, 3,81.91
 10278,C42810,1042,2003-11-14, 5000083, 1, 89.99, 15, 3,229.47
 10279,C98560,1045,2003-11-14, 5000273, 1, 99.99, 20, 3,239.98
 10280,C27607,1013,2003-11-15, 5000403, 1, 10.74, 15, 4,36.52
 10281,C65778,1035,2003-11-17, 5000006, 1, 43.95, 15, 5,186.79
 10282,C49915,1015,2003-11-18, 5000315, 1, 8.0, 5, 5,38
 10283,C47132,1012,2003-11-19, 5000228, 1, 38.54, 20, 2,61.66
 10284,C3174,1025,2003-11-22, 5000420, 1, 39.94, 15, 2,67.9
 10285,C73761,1008,2003-11-22, 5000281, 1, 62.88, 5, 2,119.47
 10286,C78669,1007,2003-11-28, 5000436, 1, 7.96, 10, 2,14.33
 10287,C18671,1002,2003-12-01, 5000106, 1, 14.97, 0, 2,29.94
 10288,C22187,1056,2003-12-01, 5000232, 1, 2123.0, 10, 4,7642.8
 10289,C26069,1009,2003-12-04, 5000359, 1, 16.99, 15, 2,28.88
 10290,C2881,1044,2003-12-09, 5000410, 1, 22.99, 10, 2,41.38
 10291,C69147,1036,2003-12-11, 5000122, 1, 28.24, 10, 5,127.08
 10292,C40979,1030,2003-12-27, 5000013, 1, 22.75, 15, 5,96.69
 10293,C78229,1022,2004-01-08, 5000422, 1, 13.99, 15, 3,35.67
 10294,C47791,1004,2004-01-19, 5000250, 1, 59.99, 5, 3,170.97
 10295,C45301,1035,2004-01-26, 5000173, 1, 43.95, 5, 1,41.75
 10296,C91016,1037,2004-02-01, 5000014, 1, 54.94, 15, 3,140.1
 10297,C91162,1013,2004-02-04, 5000021, 1, 10.74, 5, 3,30.61
 10298,C74494,1005,2004-02-17, 5000306, 1, 26.99, 10, 4,97.16
 10299,C94605,1022,2004-02-20, 5000142, 1, 13.99, 15, 4,47.57
 10300,C43177,1021,2004-02-27, 5000097, 1, 24.99, 10, 3,67.47
 10301,C77277,1015,2004-03-12, 5000393, 1, 8.0, 5, 2,15.2
 10302,C67316,1005,2004-03-14, 5000064, 1, 26.99, 5, 4,102.56
 10303,C25922,1007,2004-03-20, 5000352, 1, 7.96, 5, 3,22.69
 10304,C25043,1027,2004-03-21, 5000319, 1, 4.5, 0, 2,9
 10305,C79694,1041,2004-03-21, 5000469, 1, 28.94, 5, 1,27.49
 10306,C1783,1054,2004-03-23, 5000383, 1, 200.0, 15, 3,510
 10307,C96436,1049,2004-03-28, 5000204, 1, 206.99, 15, 4,703.77
 10308,C50867,1036,2004-03-30, 5000346, 1, 28.24, 5, 4,107.31
 10309,C50867,1011,2004-03-30, 5000346, 2, 24.99, 5, 1,23.74
 10310,C72077,1013,2004-04-01, 5000227, 1, 10.74, 10, 5,48.33
 10311,C98414,1018,2004-04-02, 5000270, 1, 44.99, 5, 4,170.96
 10312,C95264,1033,2004-04-03, 5000169, 1, 19.95, 10, 4,71.82
 10313,C25,1002,2004-04-07, 5000317, 1, 14.97, 5, 5,71.11
 10314,C24384,1051,2004-04-12, 5000302, 1, 122.37, 5, 2,232.5
 10315,C76545,1048,2004-04-14, 5000374, 1, 104.49, 20, 3,250.78
 10316,C2076,1025,2004-04-17, 5000390, 1, 39.94, 15, 4,135.8
 10317,C2076,1007,2004-04-17, 5000390, 2, 7.96, 10, 4,28.66
 10318,C54749,1028,2004-04-28, 5000470, 1, 4.5, 0, 4,18
 10319,C42810,1050,2004-04-30, 5000081, 1, 98.96, 5, 3,282.04
 10320,C26655,1005,2004-05-04, 5000378, 1, 26.99, 5, 1,25.64
 10321,C53870,1007,2004-05-08, 5000442, 1, 7.96, 5, 4,30.25
 10322,C78596,1027,2004-05-14, 5000433, 1, 4.5, 15, 2,7.65
 10323,C20502,1032,2004-05-22, 5000179, 1, 4.5, 10, 2,8.1
 10324,C3467,1043,2004-05-31, 5000425, 1, 24.99, 10, 2,44.98
 10325,C47644,1001,2004-06-07, 5000247, 1, 53.5, 20, 3,128.4
 10326,C79181,1020,2004-06-08, 5000450, 1, 26.99, 15, 3,68.82
 10327,C69587,1003,2004-06-10, 5000141, 1, 12.99, 5, 3,37.02
 10328,C44422,1054,2004-06-12, 5000131, 1, 200.0, 10, 3,540
 10329,C72223,1034,2004-06-13, 5000233, 1, 8.49, 0, 4,33.96
 10330,C2881,1034,2004-06-17, 5000409, 1, 8.49, 10, 4,30.56
 10331,C904,1052,2004-06-17, 5000349, 1, 107.96, 20, 4,345.47
 10332,C47644,1004,2004-06-23, 5000246, 1, 59.99, 5, 2,113.98
 10333,C47644,1026,2004-06-23, 5000246, 2, 18.15, 0, 1,18.15
 10334,C90943,1018,2004-07-06, 5000011, 1, 44.99, 15, 4,152.97
 10335,C77717,1018,2004-07-09, 5000406, 1, 44.99, 5, 1,42.74
 10336,C99439,1046,2004-07-17, 5000304, 1, 183.17, 10, 5,824.26
 10337,C48523,1017,2004-07-23, 5000272, 1, 19.95, 15, 3,50.87
 10338,C41785,1051,2004-08-14, 5000042, 1, 122.37, 5, 1,116.25
 10339,C42884,1012,2004-08-17, 5000090, 1, 38.54, 5, 3,109.84
 10340,C46985,1033,2004-08-17, 5000222, 1, 19.95, 5, 2,37.9
 10341,C22260,1025,2004-08-19, 5000235, 1, 39.94, 15, 3,101.85
 10342,C98340,1024,2004-08-19, 5000268, 1, 25.0, 15, 3,63.75
 10343,C28559,1014,2004-08-27, 5000431, 1, 17.49, 0, 3,52.47
 10344,C42810,1005,2004-08-27, 5000082, 1, 26.99, 10, 4,97.16
 10345,C1270,1016,2004-09-09, 5000364, 1, 5.99, 15, 5,25.46
 10346,C72297,1028,2004-09-10, 5000237, 1, 4.5, 15, 4,15.3
 10347,C40979,1037,2004-09-11, 5000012, 1, 54.94, 15, 1,46.7
 10348,C91016,1029,2004-09-19, 5000015, 1, 21.48, 15, 5,91.29
 10349,C15595,1033,2004-10-02, 5000002, 1, 19.95, 10, 5,89.77
 10350,C21088,1048,2004-10-03, 5000192, 1, 104.49, 0, 4,417.96
 10351,C21088,1004,2004-10-03, 5000192, 2, 59.99, 15, 2,101.98
 10352,C44495,1003,2004-10-03, 5000135, 1, 12.99, 15, 2,22.08
 10353,C94971,1025,2004-10-09, 5000155, 1, 39.94, 5, 4,151.77
 10354,C43396,1037,2004-10-14, 5000099, 1, 54.94, 5, 2,104.39
 10355,C91089,1022,2004-10-14, 5000017, 1, 13.99, 10, 4,50.36
 10356,C67829,1023,2004-10-18, 5000085, 1, 29.99, 0, 4,119.96
 10357,C74787,1013,2004-10-24, 5000310, 1, 10.74, 10, 3,29
 10358,C42298,1035,2004-10-27, 5000063, 1, 43.95, 20, 3,105.48
 10359,C2076,1013,2004-11-03, 5000389, 1, 10.74, 10, 3,29
 10360,C54236,1025,2004-11-03, 5000454, 1, 39.94, 15, 3,101.85
 10361,C26215,1043,2004-11-06, 5000363, 1, 24.99, 20, 3,59.98
 10362,C28193,1022,2004-11-09, 5000421, 1, 13.99, 15, 5,59.46
 10363,C50721,1030,2004-11-09, 5000342, 1, 22.75, 10, 4,81.9
 10364,C49256,1022,2004-11-20, 5000297, 1, 13.99, 20, 4,44.77
 10365,C44715,1008,2004-11-21, 5000149, 1, 62.88, 10, 4,226.37
 10366,C66510,1007,2004-11-23, 5000031, 1, 7.96, 10, 3,21.49
 10367,C91455,1030,2004-11-23, 5000030, 1, 22.75, 10, 4,81.9
 10368,C54310,1040,2004-11-24, 5000457, 1, 32.12, 0, 3,96.36
 10369,C49842,1044,2004-12-01, 5000312, 1, 22.99, 5, 4,87.36
 10370,C25776,1004,2004-12-04, 5000343, 1, 59.99, 10, 4,215.96
 10371,C67829,1043,2004-12-19, 5000084, 1, 24.99, 10, 4,89.96
 10372,C4200,1000,2004-12-25, 5000451, 1, 1000.0, 5, 2,1900
 10373,C4200,1043,2004-12-25, 5000451, 2, 24.99, 15, 1,21.24
 10374,C45301,1044,2004-12-27, 5000172, 1, 22.99, 0, 3,68.97
 10375,C29438,1030,2005-01-05, 5000460, 1, 22.75, 0, 3,68.25
 10376,C4786,1003,2005-01-06, 5000471, 1, 12.99, 5, 3,37.02
 10377,C17279,1042,2005-01-08, 5000060, 1, 89.99, 20, 3,215.98
 10378,C19696,1038,2005-01-17, 5000148, 1, 16.99, 20, 5,67.96
 10379,C70173,1028,2005-01-24, 5000163, 1, 4.5, 20, 4,14.4
 10380,C29218,1030,2005-01-30, 5000453, 1, 22.75, 15, 2,38.67
 10381,C68048,1017,2005-01-31, 5000093, 1, 19.95, 20, 2,31.92
 10382,C67463,1025,2005-02-09, 5000072, 1, 39.94, 15, 2,67.9
 10383,C22919,1020,2005-02-14, 5000258, 1, 26.99, 10, 1,24.29
 10384,C72297,1002,2005-02-19, 5000238, 1, 14.97, 10, 1,13.47
 10385,C44275,1019,2005-02-28, 5000126, 1, 79.7, 10, 4,286.92
 10386,C18598,1042,2005-03-01, 5000103, 1, 89.99, 15, 5,382.46
 10387,C76691,1022,2005-03-01, 5000381, 1, 13.99, 10, 4,50.36
 10388,C67096,1052,2005-03-04, 5000049, 1, 107.96, 15, 3,275.3
 10389,C74201,1051,2005-03-04, 5000296, 1, 122.37, 0, 4,489.48
 10390,C23725,1053,2005-03-08, 5000279, 1, 93.0, 15, 4,316.2
 10391,C65851,1034,2005-03-11, 5000007, 1, 8.49, 10, 3,22.92
 10392,C22992,1006,2005-03-17, 5000260, 1, 41.99, 0, 4,167.96
 10393,C79548,1033,2005-03-28, 5000463, 1, 19.95, 10, 3,53.86
 10394,C3614,1039,2005-03-29, 5000434, 1, 34.0, 10, 5,153
 10395,C3614,1033,2005-03-29, 5000434, 2, 19.95, 15, 5,84.79
 10396,C91162,1021,2005-04-02, 5000020, 1, 24.99, 5, 3,71.22
 10397,C42884,1015,2005-04-08, 5000089, 1, 8.0, 0, 3,24
 10398,C77570,1001,2005-04-10, 5000402, 1, 53.5, 20, 4,171.2
 10399,C70758,1048,2005-04-12, 5000186, 1, 104.49, 15, 4,355.27
 10400,C22040,1016,2005-04-14, 5000224, 1, 5.99, 5, 3,17.07
 10401,C46692,1003,2005-04-15, 5000216, 1, 12.99, 10, 4,46.76
 10402,C51014,1003,2005-04-17, 5000357, 1, 12.99, 15, 3,33.12
 10403,C76618,1053,2005-04-20, 5000376, 1, 93.0, 15, 3,237.15
 10404,C17719,1029,2005-04-26, 5000078, 1, 21.48, 20, 2,34.37
 10405,C23798,1040,2005-05-01, 5000283, 1, 32.12, 15, 3,81.91
 10406,C71491,1054,2005-05-01, 5000207, 1, 200.0, 15, 3,510
 10407,C42444,1037,2005-05-12, 5000071, 1, 54.94, 15, 5,233.5
 10408,C93799,1035,2005-05-20, 5000110, 1, 43.95, 0, 5,219.75
 10409,C18818,1003,2005-05-26, 5000113, 1, 12.99, 0, 2,25.98
 10410,C18964,1009,2005-06-02, 5000119, 1, 16.99, 10, 3,45.87
 10411,C67243,1045,2005-06-02, 5000057, 1, 99.99, 10, 4,359.96
 10412,C96509,1047,2005-06-03, 5000209, 1, 56.95, 5, 3,162.31
 10413,C21601,1054,2005-06-07, 5000214, 1, 200.0, 15, 5,850
 10414,C23871,1022,2005-06-10, 5000287, 1, 13.99, 15, 3,35.67
 10415,C18232,1016,2005-06-11, 5000098, 1, 5.99, 5, 1,5.69
 10416,C72736,1023,2005-06-13, 5000249, 1, 29.99, 5, 3,85.47
 10417,C20136,1034,2005-06-15, 5000159, 1, 8.49, 15, 1,7.22
 10418,C96802,1013,2005-06-20, 5000220, 1, 10.74, 0, 3,32.22
 10419,C904,1004,2005-06-25, 5000350, 1, 59.99, 15, 5,254.96
 10420,C96509,1028,2005-07-10, 5000208, 1, 4.5, 20, 1,3.6
 10421,C45227,1004,2005-07-16, 5000167, 1, 59.99, 15, 5,254.96
 10422,C17206,1025,2005-07-19, 5000055, 1, 39.94, 10, 4,143.78
 10423,C50867,1038,2005-07-27, 5000347, 1, 16.99, 5, 4,64.56
 10424,C50062,1007,2005-07-30, 5000320, 1, 7.96, 0, 2,15.92
 10425,C25190,1027,2005-08-01, 5000326, 1, 4.5, 20, 4,14.4
 10426,C97535,1003,2005-08-03, 5000244, 1, 12.99, 0, 5,64.95
 10427,C27900,1052,2005-08-06, 5000411, 1, 107.96, 15, 1,91.77
 10428,C318,1015,2005-08-06, 5000334, 1, 8.0, 10, 3,21.6
 10429,C71125,1047,2005-08-08, 5000195, 1, 56.95, 10, 2,102.51
 10430,C684,1016,2005-08-11, 5000340, 1, 5.99, 5, 1,5.69
 10431,C91236,1014,2005-08-26, 5000022, 1, 17.49, 20, 3,41.98
 10432,C28046,1004,2005-09-01, 5000417, 1, 59.99, 15, 5,254.96
 10433,C66144,1017,2005-09-07, 5000019, 1, 19.95, 0, 2,39.9
 10434,C98853,1054,2005-09-12, 5000286, 1, 200.0, 10, 2,360
 10435,C51673,1034,2005-09-16, 5000379, 1, 8.49, 5, 4,32.26
 10436,C25116,1043,2005-09-18, 5000322, 1, 24.99, 15, 3,63.72
 10437,C47718,1010,2005-09-23, 5000248, 1, 69.99, 15, 3,178.47
 10438,C43030,1001,2005-09-26, 5000092, 1, 53.5, 20, 4,171.2
 10439,C43177,1039,2005-09-28, 5000096, 1, 34.0, 5, 2,64.6
 10440,C91529,1030,2005-09-29, 5000033, 1, 22.75, 20, 4,72.8
 10441,C76691,1011,2005-10-02, 5000380, 1, 24.99, 10, 3,67.47
 10442,C73688,1040,2005-10-03, 5000278, 1, 32.12, 0, 4,128.48
 10443,C29365,1047,2005-10-04, 5000458, 1, 56.95, 5, 1,54.1
 10444,C22480,1052,2005-10-06, 5000243, 1, 107.96, 0, 5,539.8
 10445,C52991,1004,2005-10-07, 5000413, 1, 59.99, 20, 4,191.97
 10446,C72883,1016,2005-10-14, 5000256, 1, 5.99, 15, 2,10.18
 10447,C48816,1039,2005-10-20, 5000284, 1, 34.0, 0, 4,136
 10448,C15888,1042,2005-11-03, 5000008, 1, 89.99, 10, 1,80.99
 10449,C77497,1038,2005-11-12, 5000399, 1, 16.99, 0, 2,33.98
 10450,C2442,1020,2005-11-19, 5000397, 1, 26.99, 5, 1,25.64
 10451,C52698,1053,2005-11-22, 5000405, 1, 93.0, 15, 4,316.2
 10452,C29584,1005,2005-11-23, 5000464, 1, 26.99, 10, 1,24.29
 10453,C95191,1021,2005-11-27, 5000164, 1, 24.99, 15, 3,63.72
 10454,C66437,1006,2005-12-04, 5000029, 1, 41.99, 15, 3,107.07
 10455,C48670,1045,2005-12-14, 5000277, 1, 99.99, 10, 2,179.98
 10456,C70685,1025,2005-12-19, 5000185, 1, 39.94, 5, 3,113.83
 10457,C96582,1001,2005-12-20, 5000213, 1, 53.5, 15, 3,136.43
 10458,C71857,1034,2005-12-23, 5000221, 1, 8.49, 10, 4,30.56
 10459,C17865,1013,2005-12-25, 5000088, 1, 10.74, 15, 3,27.39
 10460,C41419,1028,2005-12-26, 5000027, 1, 4.5, 15, 4,15.3
 10461,C28559,1020,2005-12-28, 5000429, 1, 26.99, 15, 4,91.77
 10462,C71784,1027,2006-01-04, 5000218, 1, 4.5, 10, 1,4.05
 10463,C26288,1011,2006-01-05, 5000368, 1, 24.99, 10, 2,44.98
 10464,C48523,1009,2006-01-05, 5000271, 1, 16.99, 15, 1,14.44
 10465,C54603,1000,2006-01-07, 5000466, 1, 1000.0, 5, 2,1900
 10466,C18891,1041,2006-01-22, 5000115, 1, 28.94, 15, 2,49.2
 10467,C94605,1006,2006-01-24, 5000143, 1, 41.99, 15, 4,142.77
 10468,C19330,1038,2006-01-25, 5000127, 1, 16.99, 15, 2,28.88
 10469,C3687,1054,2006-01-30, 5000437, 1, 200.0, 10, 4,720
 10470,C17206,1008,2006-02-09, 5000054, 1, 62.88, 0, 1,62.88
 10471,C2222,1047,2006-02-25, 5000391, 1, 56.95, 15, 4,193.63
 10472,C50208,1034,2006-03-05, 5000327, 1, 8.49, 5, 4,32.26
 10473,C46473,1056,2006-04-04, 5000205, 1, 2123.0, 10, 1,1910.7
 10474,C73176,1041,2006-04-16, 5000265, 1, 28.94, 5, 3,82.48
 10475,C98047,1005,2006-04-23, 5000261, 1, 26.99, 5, 4,102.56
 10476,C171,1025,2006-06-08, 5000324, 1, 39.94, 20, 4,127.81
 10477,C318,1034,2006-07-05, 5000333, 1, 8.49, 0, 5,42.45
 10478,C72150,1023,2006-07-08, 5000230, 1, 29.99, 15, 2,50.98
 10479,C41272,1007,2006-07-16, 5000023, 1, 7.96, 0, 3,23.88
 10480,C53065,1026,2006-07-16, 5000418, 1, 18.15, 5, 3,51.73
 10481,C4639,1013,2006-07-18, 5000467, 1, 10.74, 15, 4,36.52
 10482,C3248,1046,2006-07-28, 5000423, 1, 183.17, 5, 3,522.03
 10483,C20795,1037,2006-08-01, 5000187, 1, 54.94, 5, 4,208.77
 10484,C44495,1048,2006-08-02, 5000136, 1, 104.49, 5, 2,198.53
 10485,C25995,1041,2006-08-05, 5000356, 1, 28.94, 5, 3,82.48
 10486,C54603,1039,2006-08-08, 5000465, 1, 34.0, 15, 2,57.8
 10487,C75519,1012,2006-08-09, 5000337, 1, 38.54, 0, 1,38.54
 10488,C17353,1052,2006-08-23, 5000067, 1, 107.96, 15, 3,275.3
 10489,C45081,1007,2006-08-29, 5000158, 1, 7.96, 5, 4,30.25
 10490,C2515,1039,2006-09-23, 5000401, 1, 34.0, 0, 1,34
 10491,C65778,1016,2006-10-03, 5000005, 1, 5.99, 15, 3,15.27
 10492,C44861,1009,2006-10-15, 5000151, 1, 16.99, 0, 3,50.97
 10493,C96802,1039,2006-11-08, 5000219, 1, 34.0, 15, 3,86.7
 10494,C66291,1011,2006-11-25, 5000024, 1, 24.99, 20, 2,39.98
 10495,C67096,1016,2006-11-30, 5000047, 1, 5.99, 10, 5,26.95
 10496,C26142,1019,2006-12-25, 5000361, 1, 79.7, 20, 3,191.28
 10497,C17133,1036,2006-12-28, 5000050, 1, 28.24, 15, 3,72.01
 10498,C1050,1045,2007-01-10, 5000358, 1, 99.99, 5, 4,379.96
 10499,C69001,1042,2007-01-26, 5000120, 1, 89.99, 5, 3,256.47
